0.0000E+00   5.0000E-07   3.3260E-07
5.0000E-07   1.0000E-06   4.8843E-09
1.0000E-06   3.0000E-06   6.8376E-09
3.0000E-06   1.0000E-05   4.8839E-09
1.0000E-05   3.0000E-05   7.8136E-09
3.0000E-05   1.0000E-04   6.8367E-09
1.0000E-04   2.0000E-04   4.8844E-09
2.0000E-04   5.0000E-04   6.5147E-09
5.0000E-04   1.0000E-03   4.8809E-09
1.0000E-03   2.0000E-03   9.7667E-10
2.0000E-03   5.0000E-03   9.7669E-10
5.0000E-03   1.0000E-02   0.0000E+00
1.0000E-02   2.0000E-02   3.9073E-09
2.0000E-02   4.0000E-02   3.5474E-09
4.0000E-02   6.0000E-02   2.9304E-09
6.0000E-02   1.0000E-01   1.1722E-08
1.0000E-01   2.0000E-01   2.2359E-08
2.0000E-01   3.0000E-01   1.5628E-08
3.0000E-01   4.0000E-01   1.3827E-08
4.0000E-01   5.0000E-01   2.2466E-08
5.0000E-01   6.0000E-01   2.3148E-08
6.0000E-01   8.0000E-01   4.9615E-08
8.0000E-01   1.0000E+00   3.1254E-08
1.0000E+00   1.2000E+00   2.3443E-08
1.2000E+00   1.4000E+00   2.6340E-08
1.4000E+00   1.7000E+00   4.6084E-08
1.7000E+00   2.0000E+00   2.1488E-08
2.0000E+00   2.3000E+00   1.4651E-08
2.3000E+00   2.6000E+00   1.0744E-08
2.6000E+00   3.0000E+00   3.9076E-09
3.0000E+00   3.5000E+00   3.9077E-09
3.5000E+00   4.0000E+00   4.8845E-09
4.0000E+00   4.5000E+00   2.9303E-09
4.5000E+00   5.0000E+00   2.9300E-09
5.0000E+00   5.5000E+00   2.9300E-09
5.5000E+00   6.0000E+00   2.9303E-09
6.0000E+00   6.5000E+00   9.7707E-10
6.5000E+00   7.0000E+00   1.9534E-09
7.0000E+00   7.5000E+00   0.0000E+00
7.5000E+00   8.0000E+00   0.0000E+00
8.0000E+00   8.5000E+00   0.0000E+00
8.5000E+00   9.0000E+00   0.0000E+00
9.0000E+00   1.0000E+01   0.0000E+00
1.0000E+01   2.0000E+01   0.0000E+00

